10327 1.8728504784281678E-6
20372 5.173396473900268E-7
30628 3.0634595168170754E-7
40644 2.809275717642252E-7
50461 2.996103835680399E-7
60840 2.1890460137472094E-7
70590 3.0025946728518423E-7
80117 2.1890460137472094E-7
90496 8.656791184657756E-4
100500 2.598009161845596E-7
110566 1.994696141170969E-6
120944 4.82654921606615E-7
130998 2.3420778946739548E-7
140573 6.230733969534388E-7
150952 2.1890460137472094E-7
161331 2.1890460137472094E-7
171153 5.628255833744221E-7
181513 3.508795220516106E-7
191624 5.277526511469757E-6
202003 4.0829941593633155E-6
212382 2.7250691179475626E-7
222761 0.0012126909159377432
232592 1.1363675880752636E-4
242877 5.318939922216274E-7
252937 2.1890460137472094E-7
263148 2.992874330626756E-7
273209 2.1890460137472094E-7
283472 3.367837359829545E-7
293254 2.1890460137472094E-7
303042 4.944692698445547E-6
313369 6.958228588617908E-7
323521 2.1890460137472094E-7
333882 5.035225886800546E-7
343662 2.5224609880714186E-7
353644 4.4443511822421264E-7
363928 3.8129582293826866E-7
374235 3.895731868537328E-6
384553 4.156278350076045E-7
394928 6.418100237252035E-7
404711 2.4684153137873194E-7
414616 3.115767372305049E-7
424746 2.0057776327810034E-6
434706 2.7751944425285093E-6
444488 3.829275887362308E-6
454284 4.975161090963657E-7
464397 1.105933134185094E-5
474195 9.46047127731124E-7
484049 5.916060781709682E-7
493967 2.1890460137472094E-7
503751 6.7487190742286225E-6
514130 6.199712969765474E-7
524509 9.824389683696579E-4
534708 2.514051067274733E-5
545087 0.0026089257693117465
555466 0.0011727486837300066
565845 1.5980750237226516E-6
576224 1.1045066405582565E-6
586603 9.62508522725289E-7
596584 4.029497342162977E-6
606366 4.2790440466126645E-7
616147 6.153460320150194E-7
626447 1.608733239568997E-5
636239 1.0714523726441023E-6
646021 3.1193905695897734E-7
655803 2.1890460137472094E-7
665665 9.97367072658206E-7
675447 1.1023422351373905E-6
685229 3.567398006357378E-7
